s	h:m:s	max_rss	max_vms	max_uss	max_pss	io_in	io_out	mean_load	cpu_time
129.2668	0:02:09	810.78	901.52	804.45	805.12	628.66	620.87	31.67	8.15
