s	h:m:s	max_rss	max_vms	max_uss	max_pss	io_in	io_out	mean_load	cpu_time
16.3648	0:00:16	27.07	32661.99	20.28	20.52	127.50	0.16	87.83	14.64
